qmatrix3 <- c(0.553659586747,0.519201491217,0.508709705438,0.498117846192,0.49179460796,0.484885274354,0.482062200434,0.479877184206,0.476729421873,0.475341882199,0.474595056115,0.47419127986,0.473472973971,0.473162909256,0.472757449348,0.472298332221,0.471992124885,0.470570414978,0.470089777251,0.46954195485,0.468863350707,0.468685864591,0.46811349594,0.468287487797,0.46838654541,0.468326047218,0.468392725705,0.467935170872,0.467644058045,0.467511658524,0.467423189557,0.467021050438,0.466643035826,0.466677580002,0.46672221915,0.46663712615,0.46663712615,0.46663712615,0.46663712615)
qmatrix4 <- c(0.539745970286,0.518815294312,0.505357927091,0.496153086522,0.48549552324,0.479657118525,0.476806819557,0.474187829078,0.471308686366,0.468316276585,0.467076245511,0.465106298734,0.463682324752,0.462237420208,0.461144027362,0.460522692859,0.45973884246,0.459548058954,0.459137402365,0.458959802061,0.458616884583,0.458325134646,0.458072859949,0.457928060304,0.457994675072,0.457989250501,0.45775500392,0.457727562995,0.457711193513,0.457554228496,0.45759604578,0.457592968838,0.457579484512,0.457597391123,0.457598954753,0.457603402964,0.457600937025,0.457600171752,0.457600171752)
qmatrix5 <- c(0.548854104463,0.51036529809,0.497419373268,0.4846047003,0.470392537057,0.459873519284,0.455160885073,0.45037609451,0.450211808798,0.447862918539,0.44553802115,0.442393825289,0.439893994056,0.439040934684,0.43758034499,0.436386134604,0.434972518225,0.434387428661,0.433423124454,0.432999622529,0.432089172476,0.432085151888,0.431266049441,0.43113702858,0.430527624978,0.430470122924,0.430463002619,0.43004497394,0.429948070283,0.429840895438,0.429766393847,0.429562948193,0.429566576681,0.429548868136,0.429346771442,0.429333786889,0.429316906016,0.429319183606,0.429321983591)
qmatrix6 <- c(0.540227228034,0.509872189837,0.488472900846,0.472896507795,0.460723355654,0.453936189252,0.449980771294,0.446425706635,0.441112573988,0.438289514592,0.435398135073,0.433817088248,0.432882232973,0.430632449648,0.429236775356,0.429034233522,0.427588617585,0.426917406293,0.4259200536,0.424911076798,0.424480808285,0.423534914942,0.422698452336,0.422936001711,0.422832940937,0.422429237968,0.422058525434,0.421750695182,0.421591879373,0.421393523015,0.42139553868,0.421296376012,0.421304696621,0.421134572418,0.421149716238,0.421195685788,0.421129356259,0.421110812532,0.421012431165)
irt <- c(0.579758455414,0.54798588818,0.526129945289,0.511621196594,0.499698597028,0.492501640259,0.485816255557,0.48068807686,0.477328972184,0.474407531141,0.470623263513,0.468517031839,0.477441524672,0.472845991085,0.474456165502,0.473035404118,0.471218353099,0.470462307015,0.469682976859,0.468777537697,0.468684245638,0.46821450629,0.465010537581,0.464628641136,0.464413582595,0.464232858087,0.464190788723,0.463922611323,0.463772976578,0.463663796713,0.463437837284,0.46340663835,0.463270587829,0.463176272789,0.463047950698,0.462947237341,0.46283595766,0.462985953966,0.455009578149)
plot(qmatrix6, type="l", lwd=3)
lines(qmatrix4, type="l", lwd=1)
lines(qmatrix5, type="l", lwd=2)
lines(irt, type="l", xlab="dat", lty="dashed")
legend("topright", c("qmatrix3", "qmatrix4", "qmatrix5", "qmatrix6"))
